00000000000000000000000000000000000000000000010110000000000000000000000000
00000000000000000000000011000001100000011000100110011100000000000011000000
00000000000000000000000011000001100000011000100000011000000000000011000000
00000000000000000000000000000000000000000000110001110000000000000000000000
00000000000000000000000000000000000000000000001000100000000000000000000000
00000000000000000000000000000000000000000000000000000000000000000000000000
00000000000000000000000000000000000000000000001000100000000000000000000000
00000000110000011000000000000000000000000000110001110000000000000000000000
00000000110000011000000000000000000000000000100000011000000000000011000000
00000000000000000000000000000000000000000000100110011100000000000011000000
00000000000000000000000000000000000000000000010110000000000000000000000000
00000000010000010000000011100011100000000000000000000000000000000000000000
00000000111000111000000010010100100000000000000000000000000000000000000000
00000000101101101000000010000000100000000000000000000000000000000000000000
00000001100000001100000000000000000000000000000000100000000000000000000000
00000001100000001100000001000001000000000000000001100000000000000011000000
00000001110000011100000000110110000000000000000011000000000000000011000000
00000000011101110000000000000000000000000000000001100110000000000000000000
00000000000101000000000000000000000000000000000000000000000000000000000000
00000000100101001000000000000000000010100000000000000000000000000000000000
00000001001000100100000000000000000011000000000000000000000000000000000000
00000000110000011000000000000000000001000000000001100110000000000000000000
00000000000000000000000000000000000000000000000011000000000000000011000000
00000000000000000000000000000000000000000000000001100000000000000011000000
00000000101000101000000000000000000000010110000000100000000000000000000000
00000000001000100000000000000000100001110110000000000000000000000000000000
00000000000000000000000000000000100010000000000000000000000000000000000000
00000000100000001000000000000000000001110110000000000000000000000000000000
00000001000000000100000000000000000000010100000000000000000000000000000000
00000000000000000000000000000000000000010100000000000000000000000000000000
00000000000000000000000001010000000000001000000000000000000000000000000000
00000000000000000000000001010000000000000000000000000000000000000000000000
00000000000000000000000001110000000000000000000000000000000000000000000000
00000000000000000000000000000000000000000000000000000000000000000000000000
00110100000000000001100000000000000000000000000000000000000000000000011000
01000000000000000000100000000000000000000000000000000000000000000001000010
01000000000000000000100000000000000000000000011111100000000000000000000001
00100100000000000001000000011100000000000000100000100000000000000001000001
00000011100000001110000000010100000000000000000000100000000000000000111111
00000000000000000000000000010100000000000000100001000000000000000000000000
00000000000000000000000000000000000000000000001100000000000000000000000000
00000000000000000000000000000000000000000000000000000000000000000000000000
00000000000000000000000000000000000000000000000000000000000000000000000000
00000000000000000000000000000000001000000000001000000000000000000000000000
00000000000000000000000000000000001000000000010100000000000000000000000000
00000000100000001000000000000000000000000000010100000000000000000000000000
00000011011000110110000000000000000000000001110110000000000000000000000000
00000000000000000000000000000000000000000010000000000000000000000000000000
00000000010101010000000000000000000000010001110110000000000000000000000000
00000001000101000100000000000000000000110000010110000000011100000000000000
00000001001101100100000000000000000000101000000000000001000010000000000011
00000000111000111000000000000000000000000000000000000001000001000000000011
00000000010000010000000000000000000000000000000000110000000010000000000000
00000000000000000000000000001101100000000000000001010000001100000000000000
00000000000000000000000000010000010000000000000011010000000000000000000000
00000000000000000000000000000000000000000000000000000000001100000000000000
00000000000000000000000000100000001000000000000100010000000010000000000000
00000000110000011000000000100101001000000000000100100001000001000000000011
00000000110000011000000000111000111000000000000100100001000010000000000011
00000000000000000000000000000000000000000000000011000000011100000000000000
00000000000000000000000000000000000000000000000000000000000000000000000000
00000000000000000000000000000000000000000000000000000000000000000000000000
00000000000000000000000000000000000000000000000000000000000000000000000000
00000000000000000000000000000000000000000000001100011000000000110000000000
00000000000000000000000000000000000000000000010110110100000000101000000011
00000000000000000000000000000000000000000000010000000100000000101100000011
00000000000000000000000000000000000000000000010110110100000000011000000000
00000000000000000000000000110000011000000000001100011000000000010000000000
00000000000000000000000000110000011000000000000000000000000000000000000000
00000000000000000000000000000000000000000000000000000000000000010000000000
00000000000000000000000000000000000000000000000000000000000000011000000000
00000000000000000000000000000000000000000000011000000000000000101100000011
00000000000000000000000000000000000000000000011000000000000000101000000011
00000000000000000000000000000000000000000000000000000000000000110000000000