000000000110010100000000000000000000000000000000000
001100001110100010000000000000000000000000000000000
001100011000000100000000000000000000000000000000000
000000001011111000000000000000000000011000100000000
000000000111000000000000000000000000011101011000011
000000000000000000000000000000000000011100001000011
000000000111000000000000000000000000000010001000000
000000001011111000000000000000000000000001110000000
001100011000000100000000000000000000000000000000000
001100001110100010000000000000000000000001110000000
000000000110010100000000000000000000000010001000000
000000000000000000000100000000000000011100001000011
000000000000000000011000000000000000011101011000011
000000000000000000001100000000000000011000100000000
000000000000000000000000000000000000000000000000000
000000000000000000000000000000000000000000000000000
001100000000000000000001001000000000000000000000000
001100000000000000000000000100000000000000000001111
000000000000000000000001000100000000000000000010001
000000000000000000000000111100000000000000000000001
000000000000000000000000000000000000000000000010010
001110001110000000000000000000000000000000000000000
010010001001000000000000000000000000000000000000000
000001010000000000000000000000000000000000000000000
011000000011000000000000000000000000000000000000000
011000000011000000000000000000000000000000000000000
000010001000000000000000000000000000000000000000000
000011011000000000000000000000000000000000000000000
001110001110000000000000000000000000000000000000000
001100000110000000000000000000000000000000000000000
001000000010000000000000000000000000000000000000000
000000000000000000000000000000000000000000000000000
000000000000000000000000000000000000000000000000000
000000000000000000000000000000000000000000000000000
000000000000000000000000000000000000000000000000000
000000000000000000000000000000000000000000000000000
000000000000000000000000000000000000000000000000000
000000000000000000000000000000000000000000000000000
000000000000000000000000000000000000000000000000000
000000000000000000000000000000000000000000000000000
000000000000000000000000000000000000000000000000000
000000000000000000000000000000000000000000000000000
000000000000000000000000000000000000000000000000000
001100000110000000000000000000000000000000000000000
001100000110000000000000000000000000000000000000000