00000000110000000000000000000000000000000000000000000000000000000
00000001001000000000000000000000000000000000000000000000000000000
00000001000000010000000000000000000000000000000000000000000000000
00000001001000101000000000011000000000000000000000000000000000000
00000001101101101100000000110000000000000000000000000000000000000
00000000000101000000000000011111000000000000000010001000000000000
00000000001101100000000000001111000000000000000100000100000000011
00000000000000000000000000000000000000000000000000000100000000011
00000000000000000000000000001111000000000000000010001100000000000
00000000000000000000000000011111000000000000000001110000000000000
00000000000000000000000000110000000000000000000000000000000000000
00000000111000111000000000011000000010100000000001110000000000000
00000001000000000100000000000000000011000000000010001100000000000
00000001000101000100000000000000000001000000000000000100000000011
00000000111000111000000000000000000000000000000100000100000000011
00000000010000010000000000000000000000000000000010001000000000000
00000000000000000000000000000000000000000000000000000000000000000
00000000000000000000000000000000000000000000000000000000000000000
00000000000000000000000000000000000000000000000000000000000000000
00000000000000000000000000000000000000000000000000000000000000000
00000000000000000000000000000000000000000000000000000000000000000
00000000000000000000000000000000000000000000000000000000000000000
00000000000000000000000000100000000000000000000000000000000000000
00000000000000000000000011000000000000100000000000000000000000000
00000000000000000110000001100000000010001000000000000000000000000
00001011000000010111000000000000000000000100000000000000000011111
00111011000001101000000000000000000010000100000000000000000100001
01000000000000100000010000000000000001111100000000000000000000001
00111011000000011100001000000000000000000000000000000000000100010
00001010000000001001100000000000000000000000000000000000000001000
00001010000000000000000000000000000000000000000000000000000000000
00000100000000000000000000000000000000000000000000000000000000000
00000000000000000000000000000000000011100000000000000110000000000
00000000000000000000000000000000000010001000000000000110000000000
00000000000000000000000100000000000010000100000000000000000000000
00000011000000000000000110000000000001000100000000000000000000000
00000011000000000000000011000000000000000000000000000000000000000
00000000000000000001100110000000000001000100000000000000000000000
00000000000000000000000000000000000010000100000000000000000000000
00000000000000000000000000000000000010001000000000000110000000000
00000000000000000000000000000000000011100000000000000110000000000
00000000000000000001100110000000000000000000000000000000000000000
00000011000000000000000011000000000000000000000000000000000000000
00000011000000000000000110000000000000000000000000000000000000000
00000000000000000000000100000000000000000000000000000000000000000