000000000000000000000001100000000000000000000000011
000000000000000000000001100000000000000000000000011
000000000000000000000000000000000000000001100000000
000000000000000000000000000000000000000010010000000
000000000000000000000000000000000000000001100000000
000000000000000000000000000000000000000000000000000
000000000000000000000000000000000000111000000000000
000000000000000000000000000000000000101000000000000
000000000110000000000000000000000000111000000000000
000000000110000000000000000000000000110000000000000
000000001001000000000000000000000001110000000000000
000000001001011000000000000000000001010000000000000
000000001000011000000000000000000001110000000000000
000000000011011000000000000000000000000000000000000
000000000000000000000000000000011000000000000000000
000000000000000000000110000000100100000000000000000
000000000000000000000110000000011000000000000000000
000000000000000000000000000000000000000000000000011
000000000000000000000000000000000000000000000000011
000000000000000000000000000000000000000000000000000
000011000000000000000000100000000000000000000000000
110000111100000000001100110111000000000000000000000
110011011100000000001100001111000000000000000000000
000010000000000000000000110000000000000000000000000